3 2 0 3
3
10 20 100 10 10
32
3	1	200	1	2	(1,20),(84,17)
3	2	56	1	5	(12,7),(34,13),(44,2),(52,5),(56,10)
5	3	134	1	0
6	4	424	1	2	(100,20),(344,7)
6	5	151	2	3	(37,6),(88,32),(150,87)
6	6	209	3	2	(66,78),(70,9)
7	7	138	3	6	(4,7),(10,34),(55,21),(70,33),(78,40),(120,23)
9	8	87	3	1	(44,33)
12	9	69	5	3	(7,5),(13,9),(33,60)
12	10 	29	5	2	(8,2),(29,9)
12	11	282	6	0
14	12	147	6	4	(32,32),(44,41),(57,1),(144,33)
14	13	103	6	1	(100,31)
15	14	333	6	2	(134,22),(234,4)
17	15	15	6	0
17	16	482	7	0
17	17	217	7	5	(4,5),(18,4),(50,6),(67,44),(99,24)
19	18	167	7	2	(66,9),(166,99)
19	19	374	7	3	(96,31),(333,22),(345,11)
19	20	193	7	1	(174,34)
19	21	323	8	0
19	22	30	8	2	(12,6),(28,4)
25	23	286	9	0
26	24	18	9	1	(17,21)
27	25	304	9	4	(55,5),(79,32),(195,22),(277,34)
28	26	81	10	0
28	27	196	10	1	(33,52)
28	28	219	13	2	(103,87),(206,26)
30	29	41	13	1	(39,16)
33	30	287	14	0
33	31	401	15	7	(5,12),(55,34),(100,21),(170,33),(178,40),(220,23),(347,31)
33	32	177	20	3	(75,33),(125,17),(166,29)
3
14 11
30 25
50 16