0 2 2 3
3
10 20 100 10 10
122
3	1	258	253	0
3	2	250	269	3	(16,5),(32,5),(47,14)
3	3	70	292	0
4	4	277	102	0
7	5	4	107	2	(3,5),(8,5)
7	6	234	375	0
8	7	20	51	3	(10,13),(13,24),(29,14)
10	8	205	381	0	
12	9	268	154	0
12	10	186	109	0
15	11	182	255	4	(19,12),(33,21),(46,7),(69,26)
17	12	42	134	5	(5,16),(17,27),(41,24),(64,15),(70,17)
20	13	277	59	0
20	14	0	145	0
21	15	149	85	3	(20,21),(33,9),(45,8)
24	16	175	17	1	(2,6)
26	17	277	77	3	(7,20),(11,13),(33,9)
27	18	114	346	0	
30	19	27	278	0
30	20	267	50	0
33	21	259	75	3	(8,6),(22,10),(40,5)
36	22	272	80	0
36	23	91	188	3	(16,24),(27,29),(33,26)
39	24	147	372	5	(17,8),(35,5),(46,7),(65,19),(74,17)
40	25	77	294	0
42	26	123	107	0
44	27	19	362	5	(13,8),(30,11),(39,20),(48,26),(55,18)
45	28	197	346	2	(2,7),(7,29)
45	29	14	41	2	(2,20),(14,29)
47	30	10	271	0
48	31	122	173	1	(2,22)
50	32	181	97	0
52	33	59	326	5	(23,17),(45,13),(60,17),(72,6),(92,23)
52	34	13	280	5	(17,20),(37,27),(52,20),(71,20),(89,5)
53	35	5	379	3	(13,6),(23,12),(44,10)
53	36	112	311	4	(13,28),(32,6),(45,26),(51,22)
56	37	268	389	0
58	38	287	343	0	
59	39	41	227	0
59	40	177	268	4	(22,25),(28,13),(44,18),(61,19)
60	41	200	126	4	(12,25),(26,15),(43,18),(51,20)
63	42	189	144	1	(3,9)
63	43	248	67	0
64	44	144	5	1	(19,9)
65	45	76	382	0	
67	46	198	399	1	(7,12)
70	47	240	327	5	(7,16),(20,25),(26,26),(45,5),(66,16)
72	48	4	383	3	(10,17),(15,17),(18,13)
75	49	184	193	0
76	50	125	280	3	(22,28),(41,28),(47,15)
78	51	212	76	2	(7,26),(10,9)
78	52	65	172	0
81	53	64	234	3	(22,18),(26,15),(30,25)
83	54	5	43	3	(7,25),(26,21),(45,29)
84	55	55	269	2	(21,29),(40,7)
85	56	10	364	4	(4,11),(22,20),(29,21),(42,6)
86	57	119	344	1	(11,17)
88	58	17	72	0	
90	59	49	195	0
91	60	232	339	0
91	61	202	152	1	(1,15)
93	62	283	270	5	(22,19),(42,5),(65,10),(70,21),(92,25)
93	63	288	173	1	(3,9)
94	64	88	303	5	(6,18),(18,19),(23,12),(31,27),(38,16)
97	65	154	86	3	(21,23),(26,24),(41,29)
97	66	1	310	0
97	67	163	164	2	(13,25),(19,18)
99	68	76	171	0
101	69	226	54	0	
102	70	189	320	0
102	71	129	236	1	(20,25)
105	72	222	54	3	(21,17),(42,6),(58,28)
106	73	60	113	0	
108	74	83	304	0
108	75	221	277	2	(6,8),(16,18)
108	76	245	6	0
111	77	253	152	0
111	78	290	273	4	(15,15),(24,10),(29,26),(49,5)
114	79	46	32	1	(14,23)
114	80	240	181	1	(16,19)
114	81	171	11	3	(19,23),(30,14),(34,18)
115	82	229	145	2	(13,18),(24,16)
117	83	5	341	0
118	84	224	10	1	(2,9)
119	85	27	273	4	(20,24),(38,8),(42,17),(52,13)
121	86	109	21	5	(20,21),(33,22),(56,24),(70,13),(85,24)
122	87	107	397	5	(8,9),(14,17),(23,22),(46,27),(56,27)
124	88	12	89	0
127	89	174	39	0
130	90	252	165	0
131	91	165	139	0
132	92	146	100	0
134	93	228	285	0
137	94	106	157	0	
140	95	74	274	0	
142	96	230	176	0
144	97	259	145	0
144	98	289	212	4	(16,29),(30,9),(52,5),(62,25)
146	99	64	271	2	(16,6),(21,13)
147	100	52	311	0
149	101	59	170	4	(16,22),(34,10),(50,12),(58,14)
150	102	63	21	3	(7,15),(11,26),(16,20)
150	103	282	397	5	(8,17),(25,13),(44,22),(54,18),(61,28)
150	104	203	111	0
150	105	83	337	2	(8,25),(19,25)
151	106	48	115	0
152	107	266	276	0
153	108	263	342	0	
155	109	257	131	2	(2,23),(17,10)
155	110	104	122	0
158	111	154	120	0
158	112	267	18	4	(23,8),(29,26),(33,25),(41,12)
159	113	10	137	4	(7,12),(30,23),(40,17),(52,10)
162	114	254	26	0
165	115	287	2	5	(10,25),(28,5),(39,18),(47,23),(71,25)
166	116	280	369	1	(6,21)
166	117	26	228	5	(23,16),(32,23),(51,28),(67,26),(87,23)
166	118	119	340	2	(7,26),(10,20)
167	119	263	327	2	(2,19),(22,21)
170	120	246	368	5	(10,19),(18,24),(39,5),(60,9),(79,10)
170	121	20	81	5	(21,18),(45,27),(66,9),(81,12),(88,18)
171	122	135	390	0
15
10 96
28 11
36 71
37 5
48 76
53 51
62 72
85 98
110 120
140 34
151 47
162 119
196 53
206 29
215 110