3 0 2 3
3
10 20 100 10 10
299
3	1	139	105	0
6	2	4	20	0
9	3	184	72	0
12	4	78	311	1	(18,24)
14	5	96	303	1	(18,6)
15	6	263	192	4	(20,6),(34,28),(49,11),(66,18)
15	7	260	74	0	
17	8	120	336	4	(10,5),(28,11),(37,13),(56,14)
19	9	166	305	3	(6,7),(27,29),(39,19)
20	10	82	161	4	(16,14),(20,23),(26,9),(39,26)
20	11	246	207	4	(9,12),(19,29),(41,24),(54,15)
22	12	67	334	2	(11,18),(13,6)
24	13	53	85	2	(13,10),(18,9)
27	14	199	329	0
28	15	24	369	0
31	16	71	129	0
33	17	22	22	5	(21,21),(44,13),(66,5),(84,7),(106,25)
36	18	152	102	0
39	19	191	298	1	(1,13)
42	20	187	287	0
43	21	196	334	0
43	22	178	241	0
45	23	102	48	4	(21,8),(33,5),(43,17),(55,14)
48	24	267	107	0
51	25	107	286	5	(5,6),(17,11),(29,9),(49,6),(67,12)
52	26	16	226	1	(8,27)
52	27	179	150	5	(7,9),(14,28),(19,18),(31,21),(55,23)
53	28	262	219	5	(16,24),(38,11),(52,26),(69,5),(93,13)
55	29	123	219	1	(4,20)
55	30	127	312	4	(10,29),(23,5),(38,24),(57,15)
57	31	123	272	0
57	32	127	245	0
60	33	8	14	4	(11,25),(22,24),(28,8),(37,7)
62	34	294	310	0	
65	35	167	225	0
68	36	292	350	3	(22,13),(31,21),(39,11)
70	37	47	307	3	(5,16),(9,26),(14,23)
73	38	273	11	0
75	39	15	212	0	
78	40	251	11	5	(5,25),(11,20),(35,8),(49,8),(56,11)
80	41	116	387	2	(12,29),(28,10)
82	42	146	66	0
83	43	145	37	4	(15,11),(38,16),(43,19),(49,14)
85	44	45	278	0
88	45	115	37	1	(4,10)
88	46	199	3	3	(20,18),(34,18),(40,8)
91	47	142	161	4	(15,7),(23,24),(33,5),(53,27)
94	48	189	395	3	(9,22),(20,26),(40,20)
97	49	89	106	0
99	50	280	333	2	(20,5),(30,16)
100	51	38	35	0
103	52	241	230	0
106	53	165	126	0
109	54	174	396	0
111	55	217	292	2	(2,22),(6,12)
114	56	226	395	5	(16,21),(33,18),(56,21),(71,14),(92,13)
116	57	113	252	0
119	58	172	314	0
122	59	267	100	3	(11,7),(27,25),(47,8)
124	60	108	140	0
126	61	285	129	0
129	62	76	396	0	
129	63	32	12	0
132	64	47	124	1	(17,9)
132	65	258	185	1	(18,26)
135	66	13	207	0
137	67	82	188	1	(10,6)
137	68	15	230	3	(13,21),(16,13),(29,28)
138	69	271	121	0
138	70	80	290	0
139	71	28	190	5	(10,13),(31,23),(53,14),(68,9),(75,15)
140	72	253	133	0
143	73	231	104	1	(6,8)
144	74	274	224	1	(11,9)
144	75	101	313	0	
144	76	49	275	0
145	77	188	30	5	(24,27),(47,29),(65,22),(86,28),(91,22)
147	78	207	397	0	
148	79	9	135	3	(5,27),(18,8),(38,21)
149	80	238	97	0
152	81	265	79	0
154	82	283	219	4	(4,21),(24,14),(30,29),(53,6)
156	83	150	56	3	(12,21),(23,29),(38,21)
158	84	237	306	0
160	85	171	258	1	(1,26)
161	86	221	199	5	(15,22),(22,29),(35,25),(46,7),(60,6)
161	87	94	292	0
163	88	240	286	5	(13,18),(21,20),(34,29),(52,17),(63,15)
166	89	4	369	0
168	90	93	383	0
170	91	233	312	0
170	92	126	157	3	(9,26),(19,22),(39,7)
172	93	285	175	0
174	94	27	225	2	(16,11),(23,27)
174	95	245	100	2	(8,19),(17,17)
174	96	245	296	5	(20,6),(28,26),(38,21),(44,12),(55,29)
174	97	111	287	3	(19,18),(39,17),(45,15)
175	98	296	249	2	(15,26),(34,10)
178	99	65	322	4	(18,13),(40,15),(56,6),(71,27)
178	100	289	28	1	(20,17)
179	101	291	118	0	
182	102	9	196	4	(11,29),(31,8),(47,18),(58,17)
185	103	230	50	2	(6,13),(27,26)
186	104	172	130	1	(4,17)
187	105	170	87	1	(7,24)
189	106	21	349	0	
189	107	226	206	0
189	108	204	316	4	(23,21),(30,7),(46,17),(62,24)
192	109	261	36	0
193	110	222	36	3	(13,9),(35,6),(38,16)
195	111	298	177	0	
195	112	97	189	0
196	113	188	342	0
196	114	266	224	1	(11,19)
199	115	173	49	0
201	116	62	168	5	(19,6),(32,15),(49,15),(61,12),(68,10)
202	117	290	213	0
205	118	272	72	2	(10,7),(13,12)
208	119	149	55	1	(18,12)
209	120	234	355	4	(11,19),(26,19),(42,23),(64,5)
211	121	84	90	0
212	122	93	151	5	(21,20),(32,8),(55,26),(62,11),(85,15)
212	123	262	341	0
215	124	110	392	2	(19,23),(35,13)
216	125	133	181	2	(12,25),(27,26)
216	126	52	213	0
216	127	35	287	1	(2,9)
219	128	23	94	1	(5,11)
222	129	250	267	0	
222	130	49	18	0
225	131	16	337	0	
227	132	18	97	0
230	133	128	91	1	(13,8)
232	134	132	82	0
232	135	206	355	2	(21,24),(39,21)
235	136	146	144	4	(16,22),(34,7),(53,22),(58,10)
235	137	31	313	0
237	138	80	358	2	(7,29),(23,13)
237	139	218	94	0
240	140	18	360	5	(22,15),(44,7),(60,17),(79,15),(88,24)
241	141	238	206	4	(7,21),(24,5),(33,7),(52,10)
242	142	214	55	0
243	143	276	36	0
244	144	196	259	0	
246	145	87	207	0
246	146	212	251	1	(18,6)
247	147	197	273	0
250	148	264	130	0	
251	149	214	41	0
254	150	20	277	0	
257	151	128	97	0	
258	152	3	96	0
259	153	47	391	1	(10,8)
259	154	36	6	0
261	155	134	170	3	(17,10),(21,15),(42,26)
263	156	227	141	3	(16,29),(33,21),(41,15)
264	157	150	84	0
265	158	67	86	1	(5,25)
266	159	221	237	4	(20,13),(26,13),(30,27),(36,28)
266	160	299	19	0	
269	161	251	223	0	
270	162	239	40	0
271	163	108	206	0
272	164	176	111	0
275	165	268	249	0
275	166	48	116	2	(12,17),(31,15)
277	167	156	9	0
278	168	267	67	1	(7,19)
278	169	287	375	0
279	170	206	313	1	(1,7)
282	171	209	116	0
285	172	242	241	1	(4,17)
287	173	293	294	5	(14,26),(34,25),(49,13),(67,25),(74,8)
289	174	2	111	4	(21,19),(35,8),(50,20),(57,28)
290	175	163	61	2	(6,17),(23,20)
292	176	13	338	0	
292	177	221	283	0
293	178	207	40	0	
296	179	235	286	3	(5,6),(12,23),(34,29)
297	180	65	209	5	(16,15),(35,5),(52,14),(76,7),(86,9)
297	181	83	316	0
299	182	162	325	0
299	183	220	48	2	(6,5),(20,11)
302	184	163	398	2	(21,7),(36,15)
304	185	98	13	0
305	186	130	389	0
306	187	269	258	5	(5,5),(10,29),(28,8),(34,9),(58,20)
308	188	225	269	1	(2,7)
311	189	191	321	5	(14,13),(19,13),(32,6),(38,8),(59,8)
313	190	106	322	1	(1,7)
313	191	154	332	5	(7,12),(28,6),(42,8),(54,16),(73,26)
316	192	217	217	0
318	193	58	72	0
319	194	220	46	1	(8,6)
321	195	284	322	0	
324	196	138	303	2	(6,21),(17,29)
325	197	115	350	0	
326	198	292	319	0
329	199	47	95	0
332	200	158	109	0
332	201	294	32	3	(22,29),(44,10),(56,21)
334	202	261	200	1	(5,12)
335	203	55	163	0
338	204	24	361	0
338	205	242	19	0
339	206	155	141	4	(13,22),(24,29),(28,20),(40,21)
341	207	259	290	0
342	208	162	279	0
343	209	169	27	0
345	210	248	303	0
347	211	84	297	4	(8,25),(22,20),(26,20),(45,11)
350	212	77	230	2	(11,21),(30,6)
351	213	168	22	0
353	214	116	124	2	(19,19),(25,8)
355	215	274	38	3	(11,18),(20,28),(30,8)
357	216	270	349	1	(11,12)
358	217	19	380	5	(20,12),(37,7),(47,27),(55,26),(67,16)
360	218	242	370	0
362	219	225	172	0
363	220	23	138	0
365	221	213	138	0	
365	222	231	256	2	(16,9),(32,28)
366	223	105	263	0
366	224	289	319	0
366	225	202	76	4	(13,27),(19,15),(36,27),(49,22)
369	226	173	312	5	(24,12),(31,19),(37,12),(45,7),(67,8)
372	227	108	255	0
374	228	281	51	1	(9,9)
376	229	191	249	3	(13,25),(18,16),(28,10)
376	230	139	135	0
378	231	158	355	3	(8,11),(22,29),(32,13)
379	232	123	361	3	(19,10),(31,5),(43,26)
382	233	7	140	0
384	234	62	127	3	(10,19),(20,28),(23,10)
386	235	205	323	0	
386	236	186	116	0
387	237	96	319	0
389	238	231	298	3	(10,18),(14,12),(31,5)
391	239	181	140	0
393	240	155	160	0
393	241	214	171	4	(6,6),(29,17),(50,17),(72,6)
395	242	7	325	4	(20,17),(35,11),(45,24),(58,12)
398	243	224	182	1	(11,27)
401	244	223	190	0
402	245	145	357	0
405	246	17	294	0	
406	247	66	375	0
406	248	82	360	0
407	249	198	121	4	(21,5),(39,21),(62,18),(75,13)
407	250	272	122	2	(8,17),(14,15)
408	251	88	105	5	(6,20),(14,27),(20,29),(38,11),(54,24)
409	252	224	374	1	(11,23)
411	253	172	268	0	
413	254	113	136	2	(3,11),(9,21)
413	255	277	29	4	(9,24),(30,7),(48,11),(59,16)
414	256	94	387	0
414	257	72	370	0
416	258	126	286	0
418	259	128	88	3	(13,18),(18,20),(35,21)
420	260	45	361	0
423	261	40	134	0
425	262	127	347	0
428	263	41	208	3	(16,21),(33,22),(44,23)
429	264	145	218	0
430	265	79	244	0
433	266	277	51	5	(15,10),(23,6),(40,27),(46,7),(57,20)
436	267	13	278	0
437	268	75	111	3	(19,22),(39,10),(51,11)
437	269	237	32	0
438	270	161	117	0
440	271	15	130	3	(19,24),(28,11),(31,10)
440	272	270	91	5	(12,15),(34,18),(51,19),(72,11),(86,23)
442	273	182	291	0
442	274	134	65	1	(13,28)
443	275	294	350	5	(7,10),(14,11),(29,19),(50,7),(70,20)
443	276	241	91	0	
444	277	271	151	3	(14,9),(31,19),(39,17)
444	278	166	212	0	
446	279	267	44	2	(18,19),(26,17)
449	280	183	83	3	(18,9),(40,16),(43,15)
452	281	282	22	1	(2,15)
453	282	148	109	5	(12,11),(27,7),(48,29),(69,7),(76,17)
455	283	143	275	0
458	284	205	196	0
461	285	280	347	4	(23,28),(45,25),(65,23),(73,17)
464	286	282	87	0
464	287	290	108	1	(1,27)
464	288	273	134	0
467	289	213	205	1	(4,16)
470	290	74	188	3	(9,7),(16,6),(31,7)
471	291	128	358	5	(20,23),(28,23),(48,18),(72,14),(96,25)
472	292	125	228	3	(6,29),(16,29),(38,28)
472	293	187	263	0
474	294	123	76	0
477	295	261	227	0
480	296	126	269	2	(8,23),(15,28)
480	297	120	26	0
480	298	99	60	1	(12,23)
482	299	67	8	0
4
17 30
43 153
48 73
73 135