3 2 0 3
3
10 20 100 10 10
120
1	1	258	268	1	(7,17)
4	2	23	140	0
4	3	154	225	4	(6,19),(15,15),(26,10),(39,22)
5	4	139	313	0
7	5	282	395	1	(19,26)
7	6	199	234	0
8	7	71	68	0
11	8	264	269	0
12	9	139	166	0
12	10	141	327	0	
15	11	260	112	0
15	12	286	375	2	(10,29),(13,27)
16	13	34	283	0
17	14	154	358	0	
20	15	281	302	2	(21,11),(36,13)
21	16	108	227	3	(15,9),(26,17),(41,10)
21	17	275	40	1	(16,15)
23	18	275	292	1	(4,28)
25	19	184	94	2	(12,8),(16,12)
28	20	37	210	0	
28	21	37	2	1	(15,29)
29	22	65	223	1	(4,27)
32	23	93	72	2	(16,6),(28,19)
32	24	178	236	0
33	25	57	239	2	(4,28),(23,15)
33	26	155	163	0
34	27	263	158	0
37	28	14	326	0	
40	29	118	191	2	(4,10),(7,26)
40	30	12	272	0
40	31	191	217	0
40	32	74	368	0	
43	33	234	83	4	(8,8),(26,7),(41,14),(49,28)
43	34	52	179	0
45	35	269	301	3	(4,10),(17,20),(36,13)
45	36	98	155	3	(16,8),(23,9),(37,23)
45	37	248	251	3	(11,5),(30,22),(41,29)
46	38	242	123	0	
47	39	129	118	1	(5,13)
50	40	186	96	2	(18,15),(34,9)
53	41	22	208	2	(11,15),(13,23)
53	42	64	56	4	(4,26),(18,26),(33,16),(47,25)
56	43	216	396	0
57	44	284	255	1	(7,11)
57	45	14	138	1	(11,19)
60	46	85	309	0	
62	47	184	158	0
62	48	190	40	4	(13,15),(24,5),(35,24),(43,17)
62	49	142	52	0
63	50	88	101	1	(5,25)
66	51	250	7	0
67	52	150	329	0
69	53	210	278	0
71	54	125	319	1	(6,5)
72	55	274	208	0
74	56	273	218	2	(13,21),(16,28)
77	57	1	156	4	(17,24),(40,22),(51,6),(59,17)
80	58	224	193	1	(4,11)
81	59	254	246	1	(5,27)
82	60	20	17	0
83	61	21	316	0
85	62	34	366	4	(16,19),(37,15),(46,22),(55,18)
86	63	178	138	0
87	64	167	175	2	(6,21),(20,21)
88	65	108	314	0	
89	66	240	216	0
92	67	104	339	4	(7,21),(17,18),(25,9),(29,21)
92	68	100	172	4	(13,5),(17,6),(28,5),(42,23)
94	69	180	116	0
95	70	92	48	4	(9,10),(25,10),(33,9),(50,26)
98	71	103	93	0	
100	72	101	226	4	(5,14),(15,22),(31,11),(53,18)
100	73	216	35	4	(10,21),(18,7),(34,12),(50,23)
103	74	279	25	3	(18,11),(26,18),(36,10)
106	75	135	350	1	(2,14)
109	76	116	167	2	(9,17),(27,28)
112	77	172	366	1	(6,7)
114	78	244	247	3	(6,6),(13,13),(20,11)
114	79	79	382	3	(16,28),(35,24),(53,20)
115	80	6	229	4	(11,27),(24,12),(35,18),(51,21)
117	81	210	321	0	
117	82	262	187	0
119	83	282	375	0
121	84	109	211	0
123	85	281	71	4	(19,11),(32,8),(53,10),(74,18)
125	86	253	174	4	(22,15),(37,5),(56,12),(76,26)
125	87	8	152	4	(20,27),(37,9),(46,15),(60,22)
127	88	196	332	2	(7,12),(15,9)
128	89	107	120	0
129	90	236	162	0
131	91	52	23	3	(13,11),(22,28),(34,22)
131	92	254	56	0
134	93	70	290	4	(7,5),(11,19),(15,24),(21,22)
134	94	229	365	1	(15,25)
134	95	204	57	4	(23,13),(30,20),(37,21),(58,29)
137	96	254	8	4	(22,28),(35,29),(40,6),(59,8)
139	97	188	107	0	
142	98	74	386	1	(13,25)
143	99	285	380	1	(15,20)
146	100	228	246	0
148	101	208	62	0	
151	102	268	4	0
154	103	19	153	4	(18,7),(37,16),(41,24),(59,19)
155	104	227	74	1	(2,12)
158	105	164	359	3	(16,9),(21,14),(30,20)
158	106	195	205	3	(20,19),(25,6),(41,25)
161	107	167	39	0
162	108	259	327	2	(21,20),(27,27)
163	109	141	303	0
163	110	295	90	1	(12,10)
165	111	99	364	0	
168	112	2	333	0
169	113	206	343	3	(20,23),(40,6),(47,12)
171	114	277	42	0
171	115	153	259	0
171	116	223	15	0
173	117	264	287	0
175	118	14	23	0	
178	119	289	84	3	(8,24),(15,20),(37,15)
179	120	211	195	0
6
7 2
8 23
14 8
14 11
30 25
50 16