4 2 2 0
3
10 20 100 10 10
187
5	1	295	41	0	
6	2	289	91	4	(19,6),(29,26),(41,11),(52,19)
6	3	188	260	2	(7,11),(14,17)
9	4	83	116	3	(12,18),(31,17),(49,18)
9	5	191	8	0	
9	6	111	20	2	(17,29),(30,28)
12	7	69	329	0
12	8	203	68	3	(4,13),(8,25),(21,15)
12	9	203	90	0	
14	10	127	393	2	(8,15),(22,22)
14	11	31	117	0
14	12	279	317	1	(14,18)
16	13	276	385	1	(14,14)
18	14	259	282	2	(18,21),(26,7)
21	15	275	140	0
24	16	85	72	4	(14,10),(36,28),(58,27),(79,20)
26	17	100	366	0
28	18	216	230	4	(12,14),(28,24),(46,21),(65,17)
30	19	280	192	4	(9,7),(26,27),(40,5),(48,27)
30	20	70	28	0
30	21	51	359	0
31	22	198	19	4	(6,8),(13,8),(27,13),(34,27)
32	23	151	179	0	
35	24	111	93	0
35	25	40	83	1	(14,9)
38	26	225	59	4	(14,8),(35,24),(41,16),(61,14)
40	27	274	289	3	(7,9),(21,8),(39,26)
43	28	236	80	0
43	29	28	252	0
46	30	130	330	0
46	31	34	149	0
47	32	47	86	1	(9,15)
48	33	132	72	0
49	34	129	295	0
51	35	138	143	3	(8,26),(11,12),(14,8)
53	36	135	378	1	(3,10)
56	37	121	78	0
56	38	186	20	0
58	39	54	194	0
58	40	213	272	0
58	41	214	120	0
60	42	24	371	2	(11,5),(17,14)
61	43	50	86	1	(14,13)
63	44	207	160	0
63	45	290	132	2	(11,10),(29,6)
63	46	288	156	0
66	47	87	220	0	
66	48	49	113	0
68	49	65	8	0
71	50	186	86	2	(17,22),(35,7)
71	51	67	122	0
71	52	296	285	4	(21,9),(36,15),(45,5),(64,9)
72	53	283	222	0	
72	54	217	139	3	(5,8),(16,7),(36,13)
73	55	263	29	0	
74	56	165	182	0
74	57	211	56	0
77	58	204	349	0
77	59	122	317	0	
77	60	205	364	0
79	61	167	101	0
79	62	76	95	0
79	63	166	179	0
80	64	43	27	3	(8,13),(16,20),(25,8)
82	65	31	378	0
84	66	94	299	0
87	67	148	68	3	(13,24),(27,27),(47,27)
88	68	129	81	0
90	69	127	97	0	
93	70	164	300	0	
94	71	4	286	0	
97	72	224	108	0	
99	73	276	117	2	(10,8),(27,22)
100	74	203	331	0
102	75	79	244	2	(3,8),(15,22)
102	76	297	191	0
103	77	210	228	0
104	78	282	128	0
106	79	169	176	0
107	80	249	347	0
110	81	141	103	0	
112	82	209	131	4	(10,24),(18,18),(41,26),(54,10)
115	83	283	344	0
116	84	147	125	4	(21,9),(33,19),(43,21),(52,5)
118	85	262	90	0	
119	86	158	373	3	(20,14),(42,5),(56,8)
122	87	61	167	0	
122	88	4	359	0	
122	89	132	232	0
125	90	48	332	0	
127	91	193	215	0
130	92	197	135	3	(5,20),(22,28),(44,26)
133	93	295	17	0	
136	94	12	358	0	
139	95	60	388	2	(9,6),(21,16)
139	96	275	290	3	(10,23),(19,21),(34,28)
141	97	176	384	0
142	98	72	100	2	(18,18),(32,29)
144	99	123	293	0
145	100	260	310	0	
146	101	220	252	4	(4,26),(27,6),(40,18),(53,9)
147	102	215	269	2	(3,26),(24,10)
150	103	217	241	0
153	104	3	37	0
154	105	181	128	0
155	106	183	190	0
156	107	142	314	3	(18,14),(28,25),(33,28)
158	108	291	29	0
161	109	86	228	1	(6,9)
161	110	16	315	0
163	111	74	309	0	
166	112	55	272	0
167	113	9	83	4	(18,5),(23,9),(43,18),(51,18)
169	114	135	389	0	
171	115	79	78	3	(15,19),(20,19),(40,11)
174	116	153	345	0
175	117	177	193	1	(20,13)
177	118	196	56	0
180	119	181	212	0	
182	120	232	314	4	(12,23),(34,12),(43,23),(65,6)
183	121	61	87	4	(4,14),(27,19),(42,16),(61,25)
185	122	104	95	0
187	123	209	16	1	(18,25)
188	124	11	378	0
190	125	141	295	4	(21,23),(26,28),(37,13),(50,15)
192	126	29	53	0
192	127	200	384	2	(13,24),(29,12)
194	128	293	271	0
194	129	175	218	0
195	130	218	258	4	(20,22),(26,13),(40,8),(58,7)
195	131	261	220	3	(18,16),(25,22),(46,10)
197	132	136	133	0
198	133	49	349	1	(6,11)
200	134	57	257	0
202	135	162	302	0
205	136	159	25	0
206	137	144	260	0
207	138	113	164	3	(16,17),(34,15),(47,24)
210	139	217	23	0
211	140	154	202	4	(19,10),(40,6),(54,6),(67,16)
213	141	34	72	2	(15,20),(35,10)
213	142	146	388	0
216	143	278	204	0
216	144	153	236	0	
216	145	267	150	0
219	146	250	138	0
222	147	198	285	2	(9,25),(15,16)
223	148	13	313	0
223	149	156	171	0
224	150	293	120	2	(17,5),(21,21)
224	151	128	55	0
224	152	137	250	0
224	153	151	299	3	(21,21),(32,18),(41,14)
226	154	274	176	1	(12,29)
229	155	93	165	4	(13,11),(33,12),(49,17),(59,26)
232	156	298	13	0
235	157	117	334	0
235	158	233	189	0
235	159	251	251	0
237	160	105	67	0
239	161	164	274	1	(8,7)
240	162	254	322	2	(21,19),(34,15)
241	163	215	382	2	(8,18),(20,28)
243	164	135	148	4	(20,19),(40,5),(56,29),(69,16)
246	165	80	98	0	
247	166	44	68	0
248	167	153	345	0
248	168	71	373	2	(15,14),(19,22)
249	169	177	343	0
252	170	73	282	3	(9,18),(18,5),(32,29)
255	171	288	53	3	(10,8),(25,18),(46,16)
258	172	45	167	0	
261	173	207	195	1	(13,5)
262	174	176	352	3	(11,8),(29,7),(32,9)
264	175	121	81	0
265	176	228	56	1	(4,9)
266	177	65	346	0
268	178	58	213	1	(12,26)
269	179	239	81	0	
271	180	84	36	4	(22,28),(40,18),(58,12),(71,26)
274	181	224	125	0
276	182	191	58	4	(14,9),(18,7),(33,29),(54,24)
279	183	286	322	0
280	184	231	29	3	(7,26),(20,7),(27,5)
282	185	40	155	0
283	186	256	8	0
283	187	223	39	3	(12,12),(18,28),(38,12)
7
1 11
3 25
5 16
8 55
9 10
25 60
50 111