4 2 2 3
3
10 20 100 10 10
134
2	1	156	363	1	(9,9)
5	2	288	135	2	(14,21),(23,19)
6	3	282	16	4	(7,22),(21,25),(34,13),(56,22)
7	4	40	387	1	(2,5)
10	5	36	190	3	(3,25),(19,8),(28,18)
10	6	134	89	0
13	7	276	347	4	(23,15),(34,12),(40,29),(48,26)
16	8	156	225	2	(6,16),(22,23)
17	9	261	113	0
19	10	245	166	0	
20	11	86	56	0
20	12	236	374	0
20	13	213	112	0
21	14	167	56	0
21	15	226	164	0
24	16	179	177	1	(10,8)
26	17	184	26	0
26	18	292	249	0
29	19	59	297	0
31	20	150	349	1	(8,13)
32	21	114	143	1	(13,29)
35	22	51	46	2	(2,21),(12,19)
38	23	35	12	0
38	24	12	277	0
39	25	273	72	3	(19,29),(33,22),(49,8)
41	26	267	163	3	(3,20),(6,6),(11,7)
43	27	60	50	0
46	28	240	15	5	(18,9),(25,11),(33,13),(40,27),(58,8)
47	29	110	4	5	(18,22),(37,14),(54,16),(65,20),(83,9)
47	30	21	351	0	
50	31	281	269	4	(18,13),(27,10),(33,5),(55,11)
53	32	53	363	5	(16,5),(31,6),(45,28),(54,13),(70,15)
54	33	145	212	0	
55	34	140	341	0
58	35	288	326	0
61	36	202	333	0
62	37	139	296	4	(15,9),(26,26),(30,16),(48,20)
64	38	53	26	3	(4,13),(11,5),(23,26)
67	39	89	131	5	(24,6),(43,13),(51,24),(65,24),(73,12)
67	40	276	185	0
68	41	258	59	4	(13,13),(31,17),(37,5),(48,14)
70	42	152	264	0
70	43	176	239	0
71	44	191	40	0
73	45	245	271	2	(18,25),(21,23)
76	46	224	225	0
78	47	103	323	0
79	48	105	238	1	(11,14)
82	49	282	168	4	(12,23),(24,10),(42,7),(53,21)
83	50	226	142	0
86	51	103	210	0
88	52	39	193	3	(18,26),(26,13),(31,19)
88	53	167	215	4	(11,10),(23,22),(36,18),(56,20)
90	54	12	352	0	
92	55	217	120	1	(10,22)
93	56	18	357	2	(10,19),(29,14)
93	57	115	245	1	(20,9)
96	58	138	192	0	
97	59	185	287	5	(11,15),(35,8),(59,12),(78,24),(95,22)
99	60	255	212	0	
102	61	43	33	0	
104	62	221	323	5	(10,19),(19,20),(42,17),(51,27),(63,25)
104	63	9	372	0
105	64	107	31	5	(24,15),(43,17),(64,28),(79,21),(103,21)
107	65	273	148	0
109	66	289	229	4	(22,18),(43,25),(50,27),(70,7)
112	67	1	394	2	(6,18),(19,29)
113	68	131	313	4	(11,9),(34,16),(42,7),(50,17)
113	69	299	163	0
114	70	246	130	2	(20,15),(38,9)
117	71	146	316	0	
120	72	223	164	0	
123	73	132	247	0
123	74	98	201	0
126	75	63	276	0
128	76	166	183	5	(7,8),(15,5),(26,25),(41,20),(46,26)
128	77	114	201	3	(21,16),(24,12),(29,5)
131	78	204	310	0
133	79	99	227	0
133	80	102	73	4	(5,23),(9,7),(23,24),(37,18)
134	81	224	376	0
134	82	251	67	0
136	83	156	144	4	(5,26),(14,11),(20,12),(37,9)
138	84	219	119	5	(11,15),(24,27),(30,28),(44,5),(52,13)
139	85	104	80	0
142	86	93	150	2	(2,17),(15,17)
145	87	24	251	0
146	88	61	332	1	(1,28)
147	89	233	24	2	(14,11),(29,8)
147	90	266	3	5	(14,14),(26,21),(42,14),(61,9),(81,12)
149	91	196	52	0
151	92	189	290	0
151	93	225	235	4	(14,16),(23,29),(45,29),(53,13)
152	94	164	310	2	(13,28),(19,26)
154	95	123	339	2	(13,7),(33,14)
155	96	188	46	4	(8,13),(31,20),(38,15),(44,20)
156	97	246	384	4	(22,10),(34,14),(49,27),(71,10)
157	98	84	244	5	(17,7),(31,28),(37,7),(55,11),(73,21)
159	99	185	105	0
162	100	150	390	0
164	101	258	301	2	(10,14),(12,15)
165	102	100	36	2	(15,26),(28,18)
165	103	57	126	2	(19,25),(26,11)
165	104	60	3	0
166	105	65	350	5	(16,25),(38,28),(55,22),(71,18),(79,11)
168	106	72	357	4	(23,13),(46,18),(62,29),(78,27)
169	107	82	376	0
171	108	278	217	0	
172	109	139	285	0
175	110	172	125	0
178	111	186	66	2	(18,14),(29,27)
181	112	229	232	0
183	113	13	121	2	(19,18),(26,22)
183	114	187	336	1	(13,5)
185	115	82	77	2	(9,18),(18,16)
187	116	6	61	0
188	117	243	296	0	
189	118	171	293	2	(2,7),(21,23)
189	119	196	27	0
189	120	28	225	4	(5,6),(12,5),(16,10),(35,19)
189	121	210	165	0	
191	122	206	324	0
191	123	198	277	0	
192	124	186	300	2	(14,20),(18,7)
192	125	263	93	0
192	126	271	348	1	(15,18)
195	127	51	15	0
198	128	132	56	3	(21,24),(33,22),(51,17)
199	129	279	307	1	(14,15)
199	130	196	27	0
200	131	243	239	0
202	132	166	169	0	
204	133	163	249	1	(18,9)
204	134	225	124	2	(18,5),(23,18)
6
27 24
46 48
73 133
89 94
105 21
141 130